-12
24
65
9
109
149
123
11
-31
43
164
28
38
5
4
63
29
2
174
102
104
28
-74
-7
56
105
92
88
167
39
-12
-18
8
-24
190
38
-8
88
8
28
145
85
64
8
152
41
96
19
12
101
90
80
85
54
161
47
83
72
-18
-19
-63
23
168
89
101
187
146
37
-14
45
17
164
-18
58
128
-59
-12
92
-8
74
40
6
134
-84
-18
149
139
128
-89
48
71
-20
191
5
-46
80
23
-54
21
74
-93
122
-5
122
123
51
96
144
12
25
62
119
47
32
-62
127
-43
90
101
-24
-32
11
86
21
-19
103
-19
31
175
-35
-59
-52
138
-5
-31
-45
-5
146
107
57
-17
-7
53
93
176
22
-48
83
120
-12
26
103
175
-32
81
108
-22
-68
132
76
38
-69
-44
114
78
144
40
114
92
84
121
20
54
-6
106
79
-84
144
129
-63
-28
157
20
-24
-14
-48
53
-28
0
56
99
-58
-53
57
26
21
75
45
159
87
103
183
-69
153
27
-55
-56
-6
133
30
71
-35
143
96
132
21
-72
40
-2
-1
47
40
-9
45
21
42
22
-28
23
110
9
47
81
58
174
71
-24
107
-67
-7
80
134
-66
-34
112
93
131
101
-53
12
143
69
90
32
41
61
-11
73
159
64
143
25
-17
145
159
26
11
-94
31
-12
65
-19
138
-77
138
93
-70
103
55
18
-10
81
35
162
108
95
80
127
82
0
155
-63
-69
30
156
59
115
22
6
122
-33
98
185
108
12
38
37
-52
128
21
117
-60
96
169
-33
107
113
134
6
22
57
-15
89
6
86
-50
90
-22
53
52
-40
125
69
-20
-35
59
119
-65
34
-64
156
-45
94
5
65
174
25
37
81
136
65
81
77
24
136
-15
82
37
67
6
-4
165
50
-20
61
160
89
69
101
25
108
3
81
96
30
86
72
-17
97
-43
-38
-15
19
-12
98
65
78
168
-50
168
-92
92
-58
-31
-26
73
-4
10
-23
30
-56
-23
157
4
-71
-61
16
47
48
161
51
-11
40
71
132
138
78
-46
17
7
156
105
64
105
6
89
31
83
-15
35
24
83
103
17
54
111
108
91
11
17
43
71
-24
-1
22
186
39
139
40
75
100
95
19
95
158
132
-54
141
63
167
37
70
84
-9
51
88
-41
59
47
82
-15
-38
122
148
-58
91
-19
99
88
19
95
-11
14
82
4
128
-70
92
10
-7
-19
32
-74
-30
0
30
3
17
-11
137
39
23
24
40
-78
28
105
-33
143
69
41
8
48
37
14
91
89
71
76
-2
139
119
128
119
-35
9
-76
55
14
30
140
81
121
68
58
10
-21
50
162
-42
87
-30
-2
123
138
-19
0
9
80
-17
64
154
90
-48
-3
-81
95
112
53
-21
13
14
-48
-29
74
168
123
49
-75
120
-20
-17
79
37
-16
52
-24
14
121
-4
81
-9
72
64
43
113
33
111
39
10
43
181
109
91
73
35
64
-6
49
144
-25
100
-69
8
133
162
155
-15
155
-70
20
-78
-30
72
71
33
15
41
16
36
70
-42
60
68
182
127
76
7
55
103
24
63
19
-20
-54
99
-17
61
-32
75
-40
82
-66
2
86
-5
-90
36
68
52
-9
104
-35
39
79
122
54
84
-45
33
34
37
66
4
112
90
-60
-3
82
94
91
17
78
57
22
103
-39
84
55
-52
-53
-5
83
-26
71
99
69
100
34
-24
143
-78
32
-35
121
52
66
102
-10
38
52
91
168
23
172
60
18
-31
24
11
40
134
-46
86
131
66
-72
41
-72
-13
46
13
-19
9
123
34
43
-30
94
13
9
30
168
142
74
88
28
78
32
70
13
-76
94
68
98
-24
45
80
-49
-32
-9
42
147
-80
-7
99
111
6
-17
142
6
47
122
96
158
38
53
-11
140
98
112
75
150
-4
123
161
84
48
77
162
-58
-67
143
81
32
31
170
87
130
68
50
96
15
75
18
179
14
151
69
25
-8
9
97
57
97
-45
-36
99
51
62
25
100
-29
-76
57
20
58
-13
-3
109
4
158
-42
110
39
54
179
109
134
-70
-18
-15
-28
35
111
-67
-10
13
-13
39
-95
-38
-19
46
140
81
-22
97
-85
32
-1
24
154
86
118
82
66
116
86
142
125
12
114
99
133
93
-63
80
-59
27
-14
138
121
-16
41
9
139
-14
86
171
34
60
130
106
-32
-99
-13
-19
40
65
181
-38
139
133
91
140
29
41
64
72
58
77
110
38
105
1
2
37
27
32
106
68
53
17
48
-27
68
77
151
-21
113
17
-58
-30
56
7
133
40
-9
107
174
-7
43
140
145
115
92
5
134
112
78
68
16
12
146
-7
14
51
-35
88
178
-13
67
82
37
79
84
43
71
65
-1
93
22
-75
90
53
111
-14
126
168
56
107
-98
90
-35
3
16
118
120
-34
142
31
126
92
138
170
38
-5
73
80
8
137
10
61
104
81
110
12
81
8
15
-38
51
26
182
13
-12
49
104
39
41
59
66
84
-45
-33
11
131
109
20
103
62
50
92
104
72
-10
-23
19
140
3
127
-6
20
2
153
152
123
-38
88
110
130
122
-15
85
145
26
43
9
-35
86
23
65
159
-41
170
77
38
138
2
51
29
167
-72
102
112
64
130
-25
17
-49
75
-49
-17
82
105
116
-26
85
70
90
129
34
30
119
67
105
-7
73
-5
68
60
-64
-7
-39
8
7
4
99
44
139
11
91
118
72
-40
-35
-16
196
-2
57
90
113
39
-10
124
40
58
-7
110
15
66
113
66
57
104
129
-23
-59
135
-51
183
90
-2
31
-34
52
-75
3
29
-44
61
105
115
25
106
50
135
2
71
-4
-39
101
96
92
61
82
-38
162
12
29
76
134
-73
-15
160
34
127
113
119
45
-20
47
71
141
96
76
17
30
35
-47
97
123
120
41
134
63
2
70
24
-31
21
-55
-23
101
80
142
-41
76
136
-89
83
87
14
37
-38
-19
49
31
-77
0
184
139
83
92
71
-29
77
124
-3
91
70
28
15
107
3
98
-47
115
11
155
36
-8
35
-69
45
11
-14
176
30
-43
-4
69
106
4
159
78
54
20
127
23
100
28
65
-5
-52
61
-63
-22
103
127
52
84
131
-22
-38
100
104
12
22
-11
9
118
32
47
65
124
9
41
93
-13
-58
86
-40
11
75
72
23
-36
-18
-14
29
70
-17
111
29
-34
20
-41
137
66
-38
58
95
88
41
-38
85
-34
140
191
120
62
23
-14
37
166
-35
70
60
145
-3
159
52
26
35
-62
-44
9
53
140
111
9
-41
103
83
103
9
7
68
51
20
36
13
160
42
102
57
9
-3
108
24
-17
9
-14
-10
24
29
56
115
8
30
112
99
69
4
-83
2
123
84
75
-14
-60
95
149
2
3
39
-67
98
-11
110
120
50
-58
80
4
64
-56
101
41
-72
-44
87
123
109
126
-3
141
115
-50
114
-37
-64
-7
59
35
91
41
50
86
106
152
81
87
-5
-44
-18
14
60
82
103
-54
45
33
97
100
-16
-44
136
-76
35
87
-27
-30
-8
54
-36
115
64
39
-25
81
-33
-5
-83
188
68
96
42
-67
-80
125
-60
116
-37
89
-1
91
134
-28
13
-6
13
-25
46
111
118
66
53
43
117
50
-1
71
93
-21
127
-39
53
99
80
74
39
-13
-47
39
109
85
92
121
-4
19
18
123
105
-48
142
43
121
-28
34
-3
76
12
107
-63
45
13
118
0
-19
-17
28
-22
159
85
143
-33
102
76
-75
83
97
-14
82
2
89
104
34
4
84
47
-25
57
-33
56
73
110
137
-91
-9
39
18
184
-29
43
64
-7
113
-80
69
-15
114
86
65
193
5
79
114
117
90
112
76
128
118
-4
26
82
73
74
-3
47
123
122
43
126
18
-19
42
109
19
28
131
-6
38
-22
84
23
18
10
-44
-7
72
120
97
51
47
27
-29
97
-20
125
147
-22
137
17
-19
-42
86
-64
153
35
-14
54
-13
127
8
-6
75
-14
40
-34
28
84
-20
24
0
102
174
108
-9
46
99
51
105
131
-42
151
-10
185
20
-82
38
-15
85
-5
-43
-61
58
131
110
83
90
44
68
79
109
109
106
127
59
78
-25
76
4
-41
23
-42
22
-55
-43
-8
-4
8
67
-34
79
3
0
56
58
49
8
2
-53
62
35
19
-40
43
23
-1
25
-45
-79
95
158
-77
-68
116
140
128
79
15
-39
95
23
84
-26
-18
104
74
113
-17
9
111
5
-63
-60
33
11
76
-18
43
130
57
7
3
78
153
36
36
163
88
-8
171
-13
118
41
46
42
130
67
55
-65
-10
-20
121
-13
24
23
119
-11
8
-25
44
172
73
97
75
-58
98
18
-3
-61
87
47
11
-17
20
75
20
58
-75
79
68
-62
-54
4
24
-18
-21
-38
64
65
42
56
4
138
100
-20
129
35
5
23
38
100
58
-30
30
39
87
94
57
99
11
50
137
-2
101
113
91
78
80
92
61
121
129
146
-6
169
35
112
44
113
123
100
12
84
121
96
86
17
7
137
-80
-65
106
92
-72
159
-24
82
-3
48
76
71
47
23
-67
7
-56
-77
-28
-5
0
141
22
51
45
46
84
110
120
59
58
42
122
174
-62
56
0
57
131
88
24
-28
83
124
48
25
63
127
84
124
25
89
22
1
-85
51
111
44
175
82
114
86
1
-26
5
-21
137
70
-12
9
71
-41
50
27
117
38
-29
182
22
25
-10
-18
65
73
48
-13
104
64
60
-64
69
143
-6
-45
45
133
20
98
170
82
43
152
94
70
-17
130
-82
-4
-69
81
18
27
-33
35
54
-33
52
67
-80
108
-29
9
68
73
140
-6
165
-24
137
12
-13
101
-27
5
106
93
29
53
26
27
5
-31
-27
132
67
64
154
112
135
-6
-40
0
0
117
105
24
55
-36
-65
-18
181
-30
30
83
64
47
18
-45
98
149
45
40
46
-17
-7
-30
132
75
42
55
-70
-75
129
-57
119
126
-62
114
-21
-13
129
76
37
62
98
4
70
166
73
-42
-39
52
43
87
162
-38
146
117
76
5
40
25
-13
70
-6
69
97
55
-74
-81
53
4
-31
-5
97
65
38
107
-2
118
-33
102
134
121
29
5
-32
144
85
139
-9
101
59
16
20
30
40
-36
-51
96
85
-22
71
51
90
-33
-25
-35
91
-55
94
-4
96
92
8
-10
102
37
29
96
24
-39
83
10
-86
-63
-28
-47
-1
91
-82
5
7
134
-31
89
95
-17
37
76
14
96
163
82
6
101
-32
-58
-76
173
9
80
71
-23
17
54
21
46
-82
97
-58
0
34
95
-17
-69
89
131
65
97
15
-18
71
74
-20
27
145
62
137
-16
-25
-66
62
25
11
152
10
119
124
12
92
28
128
65
-8
31
48
-65
-14
57
93
136
116
25
69
-17
47
58
-53
17
5
74
166
-49
101
-72
131
-35
68
89
-73
50
24
139
66
51
64
-64
148
7
13
12
10
98
23
-8
172
-75
17
36
7
46
-63
146
128
108
68
36
37
64
-59
71
-19
7
127
147
108
143
-6
43
38
28
-50
-90
46
88
-15
81
11
3
163
119
13
64
50
61
-7
-76
90
95
25
-47
85
-35
130
63
56
-2
-2
9
-56
1
30
70
-86
-62
22
126
83
-46
-5
7
-1
-4
134
-71
-56
17
105
56
120
6
96
149
117
-36
174
-13
30
24
-49
154
70
114
151
-50
-23
63
13
-50
51
-46
-51
-24
82
100
6
101
27
30
92
49
86
44
-50
61
63
12
54
90
26
103
48
82
-38
182
66
-71
10
-49
118
114
64
162
-20
-46
-25
20
43
-33
22
-13
44
-1
103
94
108
56
62
138
81
16
-12
48
84
0
87
-62
-73
55
40
26
-28
30
-38
-2
167
61
-3
122
142
186
147
147
-9
38
-39
62
110
-36
40
23
173
93
9
6
6
171
188
75
147
42
39
18
96
6
42
69
-63
-18
-67
-51
45
-22
147
71
-31
-54
105
150
-28
-7
72
75
-33
-23
19
50
84
-25
159
40
135
100
50
98
57
-13
-43
94
64
100
100
-50
61
154
-51
-23
129
-17
83
-5
115
-47
38
-67
-32
185
47
133
16
-18
-29
89
122
-39
-16
92
-90
47
-45
62
-2
-3
-14
-74
10
-72
4
66
95
64
71
28
56
22
121
0
184
97
118
54
44
48
