71
118
78
-18
99
-3
64
94
119
23
-54
42
-20
55
46
70
137
48
141
106
59
47
88
50
117
-5
94
19
187
-16
23
-85
12
-7
162
129
55
23
30
-29
125
123
-24
19
4
36
-12
105
32
33
119
-25
139
71
171
110
107
96
25
7
121
49
26
28
-77
113
-74
-10
-11
76
36
74
55
72
22
22
-6
-11
42
-62
82
97
-38
54
-46
124
169
13
-4
117
47
150
32
31
5
-32
27
68
142
74
47
132
80
102
38
171
120
85
-6
157
73
62
32
64
41
49
45
170
-17
121
-60
24
103
29
-60
92
-28
27
106
135
21
42
-8
-52
18
-35
42
81
135
121
10
-38
154
88
129
-52
12
-35
0
-76
32
109
18
69
9
63
16
22
26
91
-93
2
-42
37
32
-7
106
30
97
135
3
113
22
109
-45
105
46
57
57
85
65
7
156
92
123
46
-23
-70
81
173
125
-12
20
10
103
115
-23
9
98
50
195
6
6
19
107
132
162
-21
-47
-9
-11
-61
120
76
-50
90
-34
2
65
90
25
-14
75
107
-78
62
-14
60
66
15
64
96
38
-22
13
33
101
56
107
-24
139
-49
39
6
57
42
-66
-24
-31
16
33
-80
102
51
78
114
110
40
-65
3
56
46
168
95
67
-44
-45
36
-57
-3
-25
89
69
-12
93
46
15
81
22
-43
-19
108
3
94
1
-9
-41
6
-62
56
142
-31
63
-20
157
11
31
-12
98
110
136
-23
53
-3
-39
-7
25
19
20
139
32
103
75
114
122
85
72
-47
22
-4
147
93
-19
23
17
-94
68
23
-24
174
50
71
43
112
48
37
118
126
143
44
1
46
62
140
43
53
52
-11
139
48
133
-18
107
142
51
47
28
20
115
-30
2
62
38
98
81
163
64
134
-4
108
93
71
155
20
86
72
118
96
133
100
112
7
-39
128
26
-20
-34
119
-18
42
56
70
-37
105
163
153
80
108
100
101
91
86
-1
-27
-2
-40
-44
79
106
15
101
34
56
160
120
97
-5
-72
-4
83
-16
62
26
71
107
-26
76
60
73
-47
22
46
-12
131
54
-18
-55
13
63
105
41
8
153
109
-46
44
41
-33
46
127
151
-19
162
119
-56
-38
1
91
-24
-29
-34
83
14
-39
-56
-46
52
102
185
16
-47
40
-40
-77
71
21
-11
131
-13
11
41
-46
117
58
-7
35
68
142
25
14
-6
7
174
-5
32
63
44
-8
109
96
11
126
48
115
99
106
124
26
115
-21
3
93
-43
39
52
-26
102
124
31
73
41
-1
83
140
-52
-2
53
135
7
2
168
25
-38
75
4
2
-6
-43
165
101
-10
93
9
3
116
-15
6
10
82
163
52
-12
105
28
51
55
63
-59
156
-15
88
-63
37
-27
105
142
-34
166
70
-7
63
104
146
-70
20
12
77
185
-15
66
18
-88
161
33
157
98
82
25
43
46
-7
122
124
24
26
100
66
155
93
-41
158
53
83
171
27
-26
-40
3
-87
70
48
8
18
132
47
42
91
70
40
21
28
57
96
98
52
126
92
6
26
-62
-14
94
-20
27
47
66
-41
123
84
144
20
53
85
83
113
31
-66
94
40
70
22
5
7
99
17
-31
-48
17
5
89
87
70
63
68
96
-18
18
-22
122
90
83
36
-5
-20
-58
127
89
-51
-9
161
-71
185
-64
52
125
-40
94
-4
-50
36
49
156
-27
-3
-30
-27
26
63
3
-38
136
176
129
152
91
37
-17
-13
16
119
8
27
-27
109
141
-51
21
45
64
-44
-56
-50
116
23
11
-33
10
-27
89
128
-41
49
19
33
-20
158
103
5
-45
-24
81
45
54
53
71
32
1
21
132
68
113
28
-40
-15
92
100
-45
166
53
141
63
-38
38
108
65
21
20
90
-67
112
46
13
45
94
-39
1
-7
-4
117
-35
16
42
-12
98
7
-38
104
86
81
114
100
87
-47
152
70
-3
146
18
40
112
-48
33
-20
87
22
10
70
15
43
28
-83
53
47
-22
127
92
-6
4
76
-70
91
1
0
32
-8
94
-49
89
190
36
-10
84
147
-2
115
-27
41
5
59
51
55
84
104
-64
60
-31
-5
121
153
-73
143
-50
123
-8
-3
50
82
136
98
0
120
-14
-15
88
-13
122
51
0
82
76
49
106
-55
70
12
4
143
19
59
155
-24
11
-26
127
24
146
61
86
-33
93
92
116
7
103
63
120
-20
3
106
11
66
2
71
20
-3
27
145
39
-9
0
103
7
113
100
-44
24
56
20
59
-73
-47
129
164
44
4
47
-18
4
34
39
95
161
6
18
90
70
0
-46
91
98
-5
75
68
96
31
102
-82
74
152
74
26
172
4
54
115
-14
139
95
-2
62
99
163
96
54
71
-57
-50
-15
-61
12
38
137
95
111
136
-15
62
77
-20
137
65
-65
39
106
153
-30
108
48
-69
68
101
111
122
40
109
52
74
32
53
-49
-39
73
177
-45
80
93
82
48
12
128
-41
36
-48
151
-46
180
-17
38
41
-69
81
132
75
107
-49
74
58
52
184
-5
23
48
46
19
106
127
145
75
19
4
34
135
173
19
2
4
10
-12
27
-24
71
118
53
50
154
186
12
82
-15
-23
-17
-88
32
73
47
117
43
35
4
139
66
126
-10
99
3
33
30
146
62
105
47
52
-39
91
151
-45
143
86
46
49
103
-5
-8
60
25
63
31
38
-21
54
-39
4
96
-5
-4
162
94
-41
69
-41
4
31
64
102
115
120
104
-28
-6
100
100
6
-75
33
112
59
-18
-72
109
56
-6
-2
-1
95
7
14
12
52
90
-22
-5
181
169
19
-54
-27
116
3
130
32
29
108
2
112
141
152
-42
33
154
26
-37
163
50
-14
111
119
35
113
88
87
96
-54
90
54
91
-41
88
32
-24
149
-50
45
-1
41
65
89
54
31
34
150
63
61
-52
64
0
54
-10
2
47
63
110
101
163
129
14
1
85
-53
47
81
98
-73
78
-9
-6
17
154
12
-46
103
77
103
110
121
112
-39
107
13
122
116
-7
-1
103
157
174
-20
92
103
114
77
109
77
118
25
-9
61
29
-12
-50
112
5
46
-50
-38
24
-14
131
34
72
136
1
26
-12
30
56
164
130
72
124
67
64
-17
-11
127
76
-8
95
27
62
179
66
158
123
23
101
104
122
106
95
103
-67
-24
63
114
132
80
105
69
-2
76
49
107
32
55
97
38
173
4
-47
-31
89
-1
-55
71
-59
145
38
60
98
-44
72
80
167
57
75
65
0
87
48
30
123
-62
47
-82
-80
-69
58
13
-17
-5
26
-54
-48
-5
129
10
-37
101
109
-5
26
22
101
-29
-19
140
102
-20
95
127
120
30
96
36
10
44
89
-30
127
-5
108
91
64
-3
155
103
-45
101
109
-19
39
162
51
-32
32
-13
-3
105
90
-27
-20
126
43
104
84
31
100
-19
35
-33
109
150
-24
31
23
47
-18
60
153
-15
3
68
-45
149
94
91
-31
-8
-33
73
97
21
92
1
109
0
6
-22
-17
135
-33
112
63
157
80
-26
84
59
-64
-11
74
168
-22
139
19
60
59
49
40
110
158
-41
-40
-51
120
106
-14
117
36
-5
-11
32
-25
-4
112
26
97
-23
59
110
91
79
116
-36
1
127
79
19
36
36
85
9
44
70
-25
163
16
103
12
151
84
49
109
108
64
36
-46
14
-39
-17
80
131
120
67
93
97
11
-19
187
29
115
72
120
182
161
26
56
85
27
41
-79
144
-68
173
83
98
47
140
58
-7
92
114
-80
169
-37
115
-23
64
107
114
39
74
92
75
-5
149
84
-22
123
120
40
103
100
81
138
56
104
113
55
-13
36
22
2
21
62
39
98
-4
61
5
-53
151
147
2
172
-38
34
88
-43
-65
45
60
76
118
160
147
-44
-35
-56
54
98
177
-9
-11
108
106
4
-29
73
93
111
55
3
189
89
121
76
-56
128
80
135
113
-52
45
-77
-51
-42
42
71
76
61
116
48
24
-5
81
-44
85
75
37
94
65
104
142
112
42
123
105
-63
-37
57
109
113
-9
7
63
51
36
-20
-15
106
42
140
-6
26
60
21
-27
127
94
65
60
122
-4
4
112
68
-38
68
-28
47
14
94
57
103
130
84
-39
-14
-39
81
-27
91
87
-13
120
18
-12
62
31
171
127
-1
8
-4
66
23
114
170
100
-1
14
101
61
112
137
-39
-62
157
16
170
96
159
137
-20
78
162
-23
-26
109
110
38
91
96
21
81
-21
-51
163
-1
149
-83
-4
143
1
-17
30
87
77
113
97
-3
-55
17
29
1
-13
109
-22
38
38
68
51
114
88
4
184
62
62
55
2
60
74
-5
137
113
180
97
60
-9
-30
-64
-66
46
79
-20
0
-14
53
19
3
25
5
98
94
53
141
-87
88
-10
27
9
156
66
-84
68
71
113
26
-17
54
-69
13
88
-74
104
110
-67
-73
-6
-34
94
90
19
1
-42
124
4
121
34
29
-46
38
56
135
143
96
135
182
134
141
112
32
16
9
-3
120
17
21
-3
-24
-38
-51
17
18
-71
-59
-30
113
-22
-1
158
164
30
120
12
49
25
2
-38
53
-82
28
64
102
58
90
78
42
20
26
12
22
122
39
-39
93
101
-52
114
59
130
56
65
161
39
95
22
-27
127
5
66
99
76
90
-2
27
97
0
106
134
86
-22
-43
52
13
93
-5
-93
81
-35
66
-7
102
-58
-20
128
69
111
-59
-24
159
127
10
82
114
2
22
78
73
45
58
-26
105
140
50
-48
-73
50
30
69
-27
45
66
37
69
20
64
62
26
-35
35
43
78
195
-30
95
16
50
-27
39
-12
77
112
95
64
121
69
55
69
25
111
54
68
73
-47
101
72
70
43
123
176
-12
86
95
24
-25
130
34
124
88
-62
-30
86
-4
-6
55
-38
7
174
10
169
27
75
-42
157
59
123
-20
21
1
11
105
62
24
89
7
16
16
33
48
-34
25
89
68
32
88
19
93
-5
5
7
-46
-31
105
30
18
52
-12
-12
54
19
33
159
1
-63
52
118
66
33
118
109
53
54
95
-13
-27
-59
116
-13
30
58
-56
155
75
48
-44
134
155
9
31
-35
75
48
109
13
102
117
3
154
66
-22
89
90
87
61
117
70
114
24
137
54
156
189
-34
113
113
-36
44
64
61
-36
179
14
165
129
31
76
-3
83
4
24
70
87
93
35
155
-31
178
-8
141
100
152
110
143
67
8
118
152
113
-20
45
148
24
134
84
117
93
103
-26
-43
-61
78
93
47
146
119
24
35
-66
62
121
56
6
3
-20
53
-15
44
185
16
-30
138
58
53
-23
38
-58
74
-55
129
144
1
152
114
64
33
-47
39
86
127
69
48
83
53
-7
95
93
-52
144
3
49
94
-18
51
63
-8
-9
-49
33
104
17
19
16
98
-39
-44
-36
95
54
117
-27
-51
46
12
-40
25
95
1
-22
68
6
58
26
-27
-24
20
8
117
22
95
36
-8
20
23
10
-53
-33
155
-45
-34
115
25
85
55
98
91
103
17
-92
52
34
43
-30
64
41
36
42
39
-32
68
-20
-28
31
58
48
-43
-2
24
152
115
110
70
100
16
125
49
-40
149
31
41
125
35
-17
109
112
-2
135
82
99
5
112
-31
79
34
-60
86
56
-17
54
101
60
75
104
94
-4
21
78
-23
12
66
92
-29
44
-94
184
50
66
-45
-26
160
-15
82
188
107
37
151
27
-46
-14
-14
66
171
119
86
2
51
-16
-13
93
7
48
-37
37
176
77
-50
50
0
-79
112
96
112
156
-17
119
26
49
80
146
30
54
40
-25
88
-43
-54
-70
137
-26
105
-28
122
-1
59
94
-65
26
18
96
23
47
126
27
-32
40
43
92
90
27
66
88
14
119
-6
93
-10
-73
71
65
-43
-4
-60
146
0
175
-31
181
-28
-12
-3
65
-70
-76
152
44
66
125
-29
25
-6
51
19
98
59
73
8
82
84
89
82
130
40
39
8
-28
116
-5
77
111
18
-14
58
100
-18
51
-6
-46
39
-63
12
-33
-43
5
-16
50
-50
38
17
142
26
-28
-15
115
140
83
58
-10
-6
-5
57
32
-61
-4
155
24
38
22
12
67
50
-77
85
96
53
15
66
78
-28
-4
88
66
28
183
-18
69
35
93
71
87
